169
 43
137
141
 12
 69
171
109
158
179
112
131
 10
188
130
 48
 51
 66
133
105
 77
174
102
157
 59
146
192
 49
  7
144
135
 35
 98
 65
129
190
178
152
 68
 40
136
 16
 21
 96
 67
194
 73
 46
100
153
 24
145
156
199
 88
 58
106
 56
 90
118
 82
110
117
198
 72
155
101
 71
 11
 39
 61
140
 53
 89
 86
  5
 57
173
 87
 63
 54
 37
126
 79
164
143
132
  6
147
 15
 52
 62
168
123
170
160
196
 33
 50
 14
185
151
111
134
  2
 36
107
 44
 85
161
186
193
165
104
 25
 80
 30
 22
 70
 60
189
 38
 99
 47
  3
 83
115
154
 26
 84
167
 93
113
 76
 27
200
197
 78
 13
127
180
175
 34
176
195
 97
  1
 18
114
 91
 75
 74
 92
 17
 95
138
116
 32
 81
 29
122
121
159
 94
 42
 23
184
 45
183
163
124
  4
103
162
  9
177
120
125
187
2C8
 20
181
 19
 55
150
 31
128
 41
108
  8
119
 64
182
149
166
142
139
172
148
191
